F1: 0.6112945503322935
mAP_0.5: 0.5855282999507594
mAP_0.5:0.95: 0.4277955652592433
precision: 0.5855282999507594
recall: 0.6394328788467942
