F1: 0.8179335130020983
fitness: 0.5315160878997137
mAP_0.5: 0.8066895338361888
mAP_0.5_0.95: 0.5009412605734387
precision: 0.802179519991251
recall: 0.8381016969953892
