F1: 0.4077940764184358
mAP_0.5: 0.36930720681066054
mAP_0.5:0.95: 0.24295078380949572
precision: 0.36930720681066054
recall: 0.4552358920535921
