F1: 0.6959034848055539
mAP_0.5: 0.8066895338361888
mAP_0.5:0.95: 0.5009412612855371
precision: 0.8066895338361888
recall: 0.6118724773019473
