F1: 0.754003684939626
mAP_0.5: 0.8808815708690491
mAP_0.5:0.95: 0.5281202346339328
precision: 0.8808815708690491
recall: 0.6590738950152975
