F1: 0.7181418834725088
mAP_0.5: 0.8654489998212667
mAP_0.5:0.95: 0.5086737535351777
precision: 0.8654489998212667
recall: 0.613686913223935
