F1: 0.7254222034506931
mAP_0.5: 0.8477723723425364
mAP_0.5:0.95: 0.4931627304172432
precision: 0.8477723723425364
recall: 0.6339332158871701
