F1: 0.9777355549399469
mAP_0.5: 0.9922417141068284
mAP_0.5:0.95: 0.9526558681977289
precision: 0.9922417141068284
recall: 0.963647432223623
