F1: 0.6840200397249279
mAP_0.5: 0.7784190035118314
mAP_0.5:0.95: 0.46946266681008
precision: 0.7784190035118314
recall: 0.6100403722813845
