F1: 0.6866588323669188
mAP_0.5: 0.7984166337818667
mAP_0.5:0.95: 0.4819080063444908
precision: 0.7984166337818667
recall: 0.6023458935939372
