F1: 0.6943457366223816
mAP_0.5: 0.8192641526386122
mAP_0.5:0.95: 0.48949798924746085
precision: 0.8192641526386122
recall: 0.6024815437575818
