F1: 0.6886684291155409
mAP_0.5: 0.7955134488162837
mAP_0.5:0.95: 0.4828218178679612
precision: 0.7955134488162837
recall: 0.6071256781542126
