F1: 0.02249821071847493
mAP_0.5: 0.012972954705805192
mAP_0.5:0.95: 0.006399582575055553
precision: 0.012972954705805192
recall: 0.08465596752801019
