F1: 0.6331686465121277
mAP_0.5: 0.7056812606551126
mAP_0.5:0.95: 0.4288278627834424
precision: 0.7056812606551126
recall: 0.5741695779781046
